1.584110 1.716503 1.770284 1.806308 1.827366 1.845150 1.854086 1.862255 1.871607 1.874147 1.884283 1.892286 1.894637 1.896780 1.900872 1.903134 1.905506 1.908849 1.912081 1.915233 
1.131751 1.240298 1.299439 1.331467 1.358061 1.370882 1.386690 1.394232 1.401503 1.408585 1.410918 1.421600 1.419887 1.425081 1.428924 1.429480 1.432739 1.434841 1.436909 1.438160 
1.064112 1.054489 1.118273 1.160939 1.185263 1.201708 1.215623 1.227057 1.234904 1.243621 1.246484 1.251750 1.256643 1.259517 1.263219 1.265314 1.268479 1.269625 1.273604 1.274904 
1.064471 1.004799 1.019947 1.062475 1.091027 1.108130 1.124653 1.137555 1.146239 1.154494 1.159351 1.164658 1.168367 1.174460 1.177606 1.179428 1.183673 1.186599 1.188596 1.190623 
1.059596 1.002970 0.991453 1.000533 1.025155 1.045375 1.065838 1.079002 1.087597 1.096197 1.104554 1.109069 1.115850 1.120647 1.123999 1.125790 1.129440 1.132644 1.135760 1.138332 
1.061835 1.001508 0.991956 0.986783 0.992452 1.003513 1.020989 1.032130 1.047709 1.054731 1.064703 1.071315 1.074733 1.080709 1.086472 1.090029 1.092337 1.096472 1.098592 1.101081 
1.057723 1.002867 0.990453 0.985856 0.983293 0.985323 0.991699 1.003845 1.013544 1.024288 1.032043 1.041061 1.047794 1.050882 1.056845 1.061635 1.064455 1.067802 1.070081 1.073765 
1.066326 1.000060 0.989731 0.984100 0.984439 0.984189 0.985111 0.986823 0.990125 0.999183 1.006766 1.014499 1.022621 1.028682 1.032892 1.038090 1.041934 1.044271 1.049635 1.051040 
1.091026 0.999234 0.989752 0.989056 0.984275 0.985102 0.984700 0.984062 0.985651 0.985642 0.990822 0.994813 1.001385 1.008565 1.014204 1.018327 1.021635 1.026302 1.030244 1.033588 
1.144147 1.000118 0.987688 0.987143 0.983352 0.983159 0.984084 0.982779 0.984719 0.982474 0.983898 0.984093 0.988616 0.992816 0.997393 1.001278 1.006500 1.010330 1.013986 1.017940 
1.138355 0.998283 0.990078 0.988160 0.986736 0.984233 0.983178 0.983073 0.983583 0.982470 0.982727 0.983583 0.985615 0.985856 0.987998 0.990396 0.993165 0.997769 1.001162 1.004635 
1.137306 1.001709 0.990307 0.987449 0.984906 0.984280 0.985106 0.985087 0.984286 0.983168 0.984132 0.984523 0.983255 0.984453 0.985132 0.986367 0.986458 0.988161 0.991020 0.993637 
1.142072 1.000705 0.990028 0.988070 0.985225 0.984128 0.983820 0.985422 0.984895 0.985496 0.984697 0.984817 0.982752 0.985403 0.983834 0.985057 0.985308 0.985332 0.985644 0.986750 
1.144178 1.000539 0.992468 0.988246 0.984562 0.986224 0.985568 0.984181 0.983577 0.985251 0.984211 0.985861 0.985292 0.984659 0.984904 0.984342 0.984054 0.984795 0.985189 0.985286 
1.143158 1.001866 0.988625 0.988902 0.987841 0.986158 0.983153 0.984710 0.985345 0.984271 0.984701 0.985470 0.984459 0.983408 0.985775 0.985824 0.985340 0.985524 0.985355 0.985727 
1.144830 1.001611 0.990143 0.985977 0.986570 0.985944 0.983737 0.986192 0.985231 0.983874 0.984950 0.983677 0.985301 0.984635 0.985863 0.985418 0.985016 0.985056 0.985260 0.984991 
1.141238 1.003710 0.988346 0.989145 0.987357 0.985626 0.985848 0.984266 0.984521 0.984902 0.985438 0.983407 0.986498 0.985649 0.985362 0.985176 0.984306 0.986409 0.985759 0.985468 
1.149940 1.011116 0.989681 0.987809 0.986707 0.987056 0.985665 0.985846 0.985065 0.984695 0.984550 0.984758 0.984314 0.986289 0.986280 0.985985 0.984958 0.985845 0.984975 0.986014 
1.141943 1.022347 0.991847 0.987118 0.987596 0.985364 0.985677 0.985449 0.985138 0.985416 0.984458 0.986895 0.985332 0.984810 0.983896 0.985639 0.984723 0.984257 0.985934 0.985126 
1.142477 1.052445 0.991315 0.985972 0.984882 0.988319 0.986280 0.985383 0.985637 0.985980 0.984702 0.985214 0.985724 0.985552 0.986517 0.984858 0.985907 0.986929 0.987432 0.987019 

1.851275 1.380073 1.216777 1.134357 1.084492 1.052500 1.030262 1.015026 1.005916 1.000820 0.996550 0.994539 0.993978 0.994171 0.994277 0.994211 0.994418 0.995375 0.995448 0.997426 

1.137530 1.055861 1.052592 1.058579 1.063851 1.068490 1.073073 1.076970 1.080542 1.083447 1.086419 1.089671 1.091957 1.094442 1.096899 1.098579 1.100298 1.102389 1.104361 1.105963 

1.086219

108.883627